basis 6-31G* 
water molecule H2O

geometry (a.u.):
O,H,H: [[0.0, 0.0, 0.0], [1.4309006225373728, 1.1083243728449144, 0.0], [-1.4309006225373728, 1.1083243728449144, 0.0]]

geometry (angstrom):
O,H,H: [[0.0, 0.0, 0.0],[ 0.7572, 0.5865, 0.0],[-0.7572, 0.5865, 0.0]]

(bohr radius a0=0.529177210544 A)

basis=[[[5484.67166, [0.0, 0.0, 0.0], [0, 0, 0], 0.8317236780463335], [825.234946, [0.0, 0.0, 0.0], [0, 0, 0], 1.5308155627660591], [188.046958, [0.0, 0.0, 0.0], [0, 0, 0], 2.4771485422918578], [52.9645, [0.0, 0.0, 0.0], [0, 0, 0], 3.256281095763484], [16.8975704, [0.0, 0.0, 0.0], [0, 0, 0], 2.7928933738950423], [5.79963534, [0.0, 0.0, 0.0], [0, 0, 0], 0.9549376774307774]], [[15.53961625, [0.0, 0.0, 0.0], [0, 0, 0], -0.6179339598709543], [3.599933586, [0.0, 0.0, 0.0], [0, 0, 0], -0.275720929021262], [1.01376175, [0.0, 0.0, 0.0], [0, 0, 0], 0.8142075953005073]], [[15.53961625, [0.0, 0.0, 0.0], [0, 0, 1], 3.1169442744439153], [3.599933586, [0.0, 0.0, 0.0], [0, 0, 1], 2.401437528482314], [1.01376175, [0.0, 0.0, 0.0], [0, 0, 1], 1.0543604221921117]], [[15.53961625, [0.0, 0.0, 0.0], [0, 1, 0], 3.1169442744439153], [3.599933586, [0.0, 0.0, 0.0], [0, 1, 0], 2.401437528482314], [1.01376175, [0.0, 0.0, 0.0], [0, 1, 0], 1.0543604221921117]], [[15.53961625, [0.0, 0.0, 0.0], [1, 0, 0], 3.1169442744439153], [3.599933586, [0.0, 0.0, 0.0], [1, 0, 0], 2.401437528482314], [1.01376175, [0.0, 0.0, 0.0], [1, 0, 0], 1.0543604221921117]], [[0.2700058226, [0.0, 0.0, 0.0], [0, 0, 0], 0.26695615561643543]], [[0.2700058226, [0.0, 0.0, 0.0], [0, 0, 1], 0.27743196634004086]], [[0.2700058226, [0.0, 0.0, 0.0], [0, 1, 0], 0.27743196634004086]], [[0.2700058226, [0.0, 0.0, 0.0], [1, 0, 0], 0.27743196634004086]], [[0.8, [0.0, 0.0, 0.0], [1, 1, 0], 1]], [[0.8, [0.0, 0.0, 0.0], [0, 1, 1], 1]], [[0.8, [0.0, 0.0, 0.0], [1, 0, 1], 1]], [[0.8, [0.0, 0.0, 0.0], [0, 0, 2], 1]], [[0.8, [0.0, 0.0, 0.0], [2, 0, 0], 1]], [[0.8, [0.0, 0.0, 0.0], [0, 2, 0], 1]], [[18.73113696, [1.4309006225373728, 1.1083243728449144, 0.0], [0, 0, 0], 0.21493544889215385], [2.825394365, [1.4309006225373728, 1.1083243728449144, 0.0], [0, 0, 0], 0.36457120219187467], [0.6401216923, [1.4309006225373728, 1.1083243728449144, 0.0], [0, 0, 0], 0.41505142783189464]], [[0.1612777588, [1.4309006225373728, 1.1083243728449144, 0.0], [0, 0, 0], 0.18138064917865246]], [[18.73113696, [-1.4309006225373728, 1.1083243728449144, 0.0], [0, 0, 0], 0.21493544889215385], [2.825394365, [-1.4309006225373728, 1.1083243728449144, 0.0], [0, 0, 0], 0.36457120219187467], [0.6401216923, [-1.4309006225373728, 1.1083243728449144, 0.0], [0, 0, 0], 0.41505142783189464]], [[0.1612777588, [-1.4309006225373728, 1.1083243728449144, 0.0], [0, 0, 0], 0.18138064917865246]]]

where basis[i] is the i-th basis function, basis[i][j] is the j-th gaussian component of the i-th basis function.
